1.049964e+00
1.050124e+00
1.049901e+00
1.050111e+00
1.049982e+00
1.050042e+00
1.049984e+00
1.050040e+00
1.050048e+00
1.049988e+00
1.050139e+00
1.049940e+00
1.049935e+00
1.049932e+00
1.049983e+00
1.049856e+00
1.050038e+00
1.049887e+00
1.049999e+00
1.050020e+00
1.050102e+00
1.049868e+00
1.050169e+00
1.050057e+00
1.050144e+00
1.050157e+00
1.050012e+00
1.049939e+00
1.049805e+00
1.049983e+00
1.050049e+00
1.049891e+00
1.049915e+00
1.049957e+00
1.049809e+00
1.050143e+00
1.050086e+00
1.050090e+00
1.049882e+00
1.049970e+00
1.049892e+00
1.050202e+00
1.049935e+00
1.049940e+00
1.049954e+00
1.050095e+00
1.049989e+00
1.049908e+00
1.049997e+00
1.050088e+00
1.049936e+00
1.049858e+00
1.050032e+00
1.049973e+00
1.050105e+00
1.050091e+00
1.050120e+00
1.050050e+00
1.050206e+00
1.050155e+00
1.049976e+00
1.050019e+00
1.050163e+00
1.049830e+00
1.049970e+00
1.049951e+00
1.050017e+00
1.049908e+00
1.050017e+00
1.050081e+00
1.049801e+00
1.050034e+00
1.050079e+00
1.050143e+00
1.049971e+00
1.049923e+00
1.049932e+00
1.050152e+00
1.049947e+00
1.050153e+00
1.050234e+00
1.050033e+00
1.050000e+00
1.050000e+00
1.050056e+00
1.049932e+00
1.049968e+00
1.050039e+00
1.050029e+00
1.049988e+00
1.050148e+00
1.050096e+00
1.050045e+00
1.050112e+00
1.050176e+00
1.049861e+00
1.049840e+00
1.050012e+00
1.049947e+00
1.050194e+00
1.050005e+00
1.049971e+00
1.049862e+00
1.049825e+00
1.050145e+00
1.049952e+00
1.050151e+00
1.049948e+00
1.049985e+00
1.049997e+00
1.050027e+00
1.049942e+00
1.050018e+00
1.049985e+00
1.049961e+00
1.050132e+00
1.050012e+00
1.049948e+00
1.050008e+00
1.050188e+00
1.050016e+00
1.049993e+00
1.050114e+00
1.050069e+00
1.049955e+00
1.049932e+00
1.050023e+00
1.049937e+00
1.049987e+00
1.049974e+00
1.049911e+00
1.050085e+00
1.050031e+00
1.049930e+00
1.050212e+00
1.049860e+00
1.050019e+00
1.050035e+00
1.050013e+00
1.049943e+00
1.049863e+00
1.049866e+00
1.050111e+00
1.050097e+00
1.050065e+00
1.049829e+00
1.049971e+00
1.049920e+00
1.050166e+00
1.049872e+00
1.049992e+00
1.050129e+00
1.050019e+00
1.050009e+00
1.049991e+00
1.050003e+00
1.049866e+00
1.050055e+00
1.049975e+00
1.049900e+00
1.049957e+00
1.049919e+00
1.049955e+00
1.050142e+00
1.050064e+00
1.050107e+00
1.049876e+00
1.050009e+00
1.050108e+00
1.050147e+00
1.050085e+00
1.050003e+00
1.050049e+00
1.050177e+00
1.050061e+00
1.049978e+00
1.049972e+00
1.049999e+00
1.050076e+00
1.050063e+00
1.050011e+00
1.049882e+00
1.049933e+00
1.050024e+00
1.049939e+00
1.049916e+00
1.050061e+00
1.049944e+00
1.050232e+00
1.050105e+00
1.050126e+00
1.050052e+00
1.050067e+00
1.049972e+00
1.050041e+00
1.050002e+00
1.050027e+00
1.050139e+00
1.050009e+00
1.050000e+00
1.049999e+00
1.049949e+00
1.050097e+00
1.050027e+00
1.049919e+00
1.049854e+00
1.049977e+00
1.050214e+00
1.049878e+00
1.049847e+00
1.049807e+00
1.049795e+00
1.050085e+00
1.049920e+00
1.049917e+00
1.050015e+00
1.049803e+00
1.049972e+00
1.050059e+00
1.049899e+00
1.049967e+00
1.050037e+00
1.050042e+00
1.050200e+00
1.050069e+00
1.050010e+00
1.050058e+00
1.050102e+00
1.049942e+00
1.049848e+00
1.050003e+00
1.050003e+00
1.050134e+00
1.049934e+00
1.050090e+00
1.049858e+00
1.049907e+00
1.050132e+00
1.050057e+00
1.050020e+00
1.050084e+00
1.049928e+00
1.050108e+00
1.049997e+00
1.050082e+00
1.049932e+00
1.050123e+00
1.050049e+00
1.050004e+00
1.049962e+00
1.050186e+00
1.049998e+00
1.049943e+00
1.050075e+00
1.049970e+00
1.050167e+00
1.049862e+00
1.049967e+00
1.049935e+00
1.049947e+00
1.049948e+00
1.049880e+00
1.050041e+00
1.050109e+00
1.049843e+00
1.049961e+00
1.050195e+00
1.049922e+00
1.050006e+00
1.050078e+00
1.050004e+00
1.049875e+00
1.049953e+00
1.050093e+00
1.049784e+00
1.050095e+00
1.049997e+00
1.049962e+00
1.050007e+00
1.049977e+00
1.049904e+00
1.050052e+00
1.050020e+00
1.049934e+00
1.050165e+00
1.049993e+00
1.049994e+00
1.050080e+00
1.050099e+00
1.050035e+00
1.050249e+00
1.050045e+00
1.049901e+00
1.050050e+00
1.050099e+00
1.049985e+00
1.050089e+00
1.050172e+00
1.049921e+00
1.050021e+00
1.049937e+00
1.050181e+00
1.049825e+00
1.049964e+00
1.049932e+00
1.049902e+00
1.049961e+00
1.050277e+00
1.049993e+00
1.049959e+00
1.050015e+00
1.050081e+00
1.050016e+00
1.050052e+00
1.050077e+00
1.050095e+00
1.050099e+00
1.049830e+00
1.049992e+00
1.050009e+00
1.050003e+00
1.049988e+00
1.050059e+00
1.049843e+00
1.050122e+00
1.050036e+00
1.049874e+00
1.050010e+00
1.049888e+00
1.050185e+00
1.050032e+00
1.049837e+00
1.049900e+00
1.049999e+00
1.050056e+00
1.050019e+00
1.050002e+00
1.050016e+00
1.050251e+00
1.049955e+00
1.049962e+00
1.049923e+00
1.049839e+00
1.049917e+00
1.049993e+00
1.050019e+00
1.050061e+00
1.049796e+00
1.049872e+00
1.050014e+00
1.050081e+00
1.049929e+00
1.049837e+00
1.050155e+00
1.049960e+00
1.049960e+00
1.049958e+00
1.050071e+00
1.049967e+00
1.050031e+00
1.049900e+00
1.049919e+00
1.050031e+00
1.049886e+00
1.050278e+00
1.050085e+00
1.049968e+00
1.049959e+00
1.050036e+00
1.049968e+00
1.050039e+00
1.050036e+00
1.049904e+00
1.050133e+00
1.050074e+00
1.049949e+00
1.049981e+00
1.050129e+00
1.049732e+00
1.049854e+00
1.050206e+00
1.049804e+00
1.050041e+00
1.050059e+00
1.049943e+00
1.049971e+00
1.049903e+00
1.050001e+00
1.049958e+00
1.050202e+00
1.050036e+00
1.050017e+00
1.050053e+00
1.050005e+00
1.050025e+00
1.050204e+00
1.049963e+00
1.050117e+00
1.050013e+00
1.049865e+00
1.049910e+00
1.049893e+00
1.049999e+00
1.049959e+00
1.049995e+00
1.049789e+00
1.050066e+00
1.050002e+00
1.049840e+00
1.050199e+00
1.050086e+00
1.049882e+00
1.050028e+00
1.049817e+00
1.050008e+00
1.049976e+00
1.049966e+00
1.050031e+00
1.049898e+00
1.050028e+00
1.050017e+00
1.049985e+00
1.049910e+00
1.049864e+00
1.050037e+00
1.049905e+00
1.050121e+00
1.049971e+00
1.050104e+00
1.049843e+00
1.049820e+00
1.050088e+00
1.049942e+00
1.049996e+00
1.049873e+00
1.049880e+00
1.049987e+00
1.049834e+00
1.050010e+00
1.049913e+00
1.049994e+00
1.049908e+00
1.049995e+00
1.049905e+00
1.050067e+00
1.049961e+00
1.050076e+00
1.049887e+00
1.050155e+00
1.050020e+00
1.049872e+00
1.049991e+00
1.049989e+00
1.050167e+00
1.049941e+00
1.049986e+00
1.050154e+00
1.050014e+00
1.049996e+00
1.049899e+00
1.049928e+00
1.049954e+00
1.050028e+00
1.050000e+00
1.050017e+00
1.050174e+00
1.049882e+00
1.049947e+00
1.049982e+00
1.050057e+00
1.050036e+00
1.049984e+00
1.050011e+00
1.050039e+00
1.049930e+00
1.050093e+00
1.050056e+00
1.050025e+00
1.050171e+00
1.049870e+00
1.050064e+00
1.050061e+00
1.050134e+00
1.050152e+00
1.049860e+00
1.050060e+00
1.050074e+00
1.049921e+00
1.050056e+00
1.050050e+00
1.050008e+00
1.050097e+00
1.050064e+00
1.049838e+00
1.050011e+00
1.050079e+00
1.050163e+00
1.049898e+00
1.049891e+00
1.050122e+00
1.049955e+00
1.049837e+00
1.050108e+00
1.049994e+00
1.049904e+00
1.050002e+00
1.050036e+00
1.049971e+00
1.050032e+00
1.050067e+00
1.049818e+00
1.049994e+00
1.049999e+00
1.049845e+00
1.049980e+00
1.050070e+00
1.050018e+00
1.050023e+00
1.049980e+00
1.049942e+00
1.050147e+00
1.050014e+00
1.050012e+00
1.049871e+00
1.049990e+00
1.050030e+00
1.049981e+00
1.050046e+00
1.050060e+00
1.049997e+00
1.050116e+00
1.049981e+00
1.050033e+00
1.049933e+00
1.050015e+00
1.049862e+00
1.050034e+00
1.050150e+00
1.050070e+00
1.050050e+00
1.050070e+00
1.050061e+00
1.050133e+00
1.049996e+00
1.049729e+00
1.049965e+00
1.049876e+00
1.050072e+00
1.050061e+00
1.050034e+00
1.049967e+00
1.050042e+00
1.050088e+00
1.049999e+00
1.049932e+00
1.049852e+00
1.050172e+00
1.050066e+00
1.050147e+00
1.050123e+00
1.050030e+00
1.049908e+00
1.050154e+00
1.050054e+00
1.050040e+00
1.050000e+00
1.049946e+00
1.050118e+00
1.049989e+00
1.049952e+00
1.049926e+00
1.050120e+00
1.050029e+00
1.050086e+00
1.049992e+00
1.050098e+00
1.050179e+00
1.049988e+00
1.049886e+00
1.049960e+00
1.049845e+00
1.049959e+00
1.050035e+00
1.049967e+00
1.050010e+00
1.049914e+00
1.050040e+00
1.049940e+00
1.049960e+00
1.050090e+00
1.049824e+00
1.049989e+00
1.050200e+00
1.050142e+00
1.050029e+00
1.050166e+00
1.050000e+00
1.049818e+00
1.050091e+00
1.050135e+00
1.049864e+00
1.049970e+00
1.050144e+00
1.050147e+00
1.050017e+00
1.049924e+00
1.049987e+00
1.050210e+00
1.050048e+00
1.050152e+00
1.050024e+00
1.050068e+00
1.049939e+00
1.050057e+00
1.050120e+00
1.049951e+00
1.049983e+00
1.049963e+00
1.049982e+00
1.049810e+00
1.050006e+00
1.049946e+00
1.050018e+00
1.049982e+00
1.050087e+00
1.050028e+00
1.050057e+00
1.049820e+00
1.050064e+00
1.050007e+00
1.049850e+00
1.050208e+00
1.049950e+00
1.049929e+00
1.049780e+00
1.050105e+00
1.050017e+00
1.049857e+00
1.050034e+00
1.049998e+00
1.049739e+00
1.049993e+00
1.050009e+00
1.050010e+00
1.049929e+00
1.049930e+00
1.049883e+00
1.049869e+00
1.049981e+00
1.049905e+00
1.050009e+00
1.049849e+00
1.049921e+00
1.050082e+00
1.049977e+00
1.049981e+00
1.049810e+00
1.050154e+00
1.049993e+00
1.050087e+00
1.050088e+00
1.050007e+00
1.050102e+00
1.049884e+00
1.049869e+00
1.050012e+00
1.049954e+00
1.050107e+00
1.050098e+00
1.050130e+00
1.050070e+00
1.049932e+00
1.049890e+00
1.050013e+00
1.050085e+00
1.049932e+00
1.050029e+00
1.049973e+00
1.050038e+00
1.050069e+00
1.050037e+00
1.049761e+00
1.049928e+00
1.049974e+00
1.050076e+00
1.049975e+00
1.049995e+00
1.049904e+00
1.049916e+00
1.050170e+00
1.049868e+00
1.050129e+00
1.049973e+00
1.049937e+00
1.049985e+00
1.050110e+00
1.049856e+00
1.049952e+00
1.050015e+00
1.049913e+00
1.049922e+00
1.049971e+00
1.050146e+00
1.050007e+00
1.049949e+00
1.049843e+00
1.049976e+00
1.049886e+00
1.049931e+00
1.049862e+00
1.050120e+00
1.050127e+00
1.050019e+00
1.050076e+00
1.049927e+00
1.050019e+00
1.049862e+00
1.049959e+00
1.049998e+00
1.050026e+00
1.050168e+00
1.049808e+00
1.049928e+00
1.049987e+00
1.049903e+00
1.050068e+00
1.050064e+00
1.050050e+00
1.050183e+00
1.050007e+00
1.050115e+00
1.050094e+00
1.049990e+00
1.050031e+00
1.049957e+00
1.050008e+00
1.049948e+00
1.049921e+00
1.049971e+00
1.050049e+00
1.050031e+00
1.049899e+00
1.050165e+00
1.050064e+00
1.050130e+00
1.049853e+00
1.049985e+00
1.050169e+00
1.049831e+00
1.049949e+00
1.050022e+00
1.050046e+00
1.049820e+00
1.050029e+00
1.050178e+00
1.049990e+00
1.050141e+00
1.049944e+00
1.050138e+00
1.050046e+00
1.049937e+00
1.050158e+00
1.050047e+00
1.050026e+00
1.050070e+00
1.049851e+00
1.050064e+00
1.050024e+00
1.050050e+00
1.050051e+00
1.049980e+00
1.049950e+00
1.049990e+00
1.050030e+00
1.049938e+00
1.049824e+00
1.050165e+00
1.049801e+00
1.050100e+00
1.049955e+00
1.050143e+00
1.050050e+00
1.049981e+00
1.050011e+00
1.050070e+00
1.050060e+00
1.050051e+00
1.050007e+00
1.050104e+00
1.050004e+00
1.050026e+00
1.049935e+00
1.049862e+00
1.049936e+00
1.050055e+00
1.050007e+00
1.050046e+00
1.049872e+00
1.050016e+00
1.049971e+00
1.050031e+00
1.049857e+00
1.049984e+00
1.050122e+00
1.050002e+00
1.049842e+00
1.050045e+00
1.050089e+00
1.049908e+00
1.049824e+00
1.049925e+00
1.049955e+00
1.049881e+00
1.050045e+00
1.049934e+00
1.050008e+00
1.050158e+00
1.049956e+00
1.050092e+00
1.049960e+00
1.050270e+00
1.050041e+00
1.050144e+00
1.050043e+00
1.049959e+00
1.049887e+00
1.050093e+00
1.050080e+00
1.050036e+00
1.049903e+00
1.049878e+00
1.050222e+00
1.050075e+00
1.050020e+00
1.049995e+00
1.049907e+00
1.050008e+00
1.049954e+00
1.049924e+00
1.049940e+00
1.049997e+00
1.049839e+00
1.050029e+00
1.049916e+00
1.049924e+00
1.049947e+00
1.049896e+00
1.049981e+00
1.050140e+00
1.049955e+00
1.050120e+00
1.049994e+00
1.050030e+00
1.049987e+00
1.049925e+00
1.049975e+00
1.050023e+00
1.049918e+00
1.050044e+00
1.049993e+00
1.050163e+00
1.050038e+00
1.050055e+00
1.050029e+00
1.049935e+00
1.050050e+00
1.049835e+00
1.050053e+00
1.049964e+00
1.050014e+00
1.050015e+00
1.049936e+00
1.050092e+00
1.050112e+00
1.050003e+00
1.050056e+00
1.049973e+00
1.050016e+00
1.050051e+00
1.049994e+00
1.050056e+00
1.049923e+00
1.049882e+00
1.049905e+00
1.050021e+00
1.050030e+00
1.049890e+00
1.049921e+00
1.050113e+00
1.049916e+00
1.050120e+00
1.049964e+00
1.050083e+00
1.050126e+00
1.049953e+00
1.050051e+00
1.049956e+00
1.049979e+00
1.049964e+00
1.049966e+00
1.049912e+00
1.049924e+00
1.050081e+00
1.050082e+00
1.049928e+00
1.049854e+00
1.049991e+00
1.049978e+00
1.050035e+00
1.050101e+00
1.049959e+00
1.049884e+00
1.050168e+00
1.050072e+00
1.049919e+00
1.050156e+00
1.049931e+00
1.049912e+00
1.049966e+00
1.049972e+00
1.049929e+00
1.049933e+00
1.050101e+00
1.049881e+00
1.050011e+00
1.050200e+00
1.050130e+00
1.050112e+00
1.050047e+00
1.049788e+00
1.050019e+00
1.050140e+00
1.049872e+00
1.050001e+00
1.050077e+00
1.050007e+00
1.049964e+00
1.050195e+00
1.050068e+00
1.049924e+00
1.050089e+00
1.049932e+00
1.049973e+00
1.050011e+00
1.049974e+00
1.049865e+00
1.050078e+00
1.050076e+00
1.049909e+00
1.049848e+00
1.050009e+00
1.049961e+00
1.050160e+00
1.050017e+00
1.049942e+00
1.049931e+00
1.049911e+00
1.050055e+00
1.049906e+00
1.050064e+00
1.049975e+00
1.049887e+00
1.050059e+00
1.050026e+00
1.049993e+00
1.050147e+00
1.049963e+00
1.050070e+00
1.049835e+00
1.049978e+00
1.050156e+00
1.050023e+00
1.049933e+00
1.050086e+00
1.050144e+00
1.049895e+00
1.050055e+00
1.049929e+00
1.049933e+00
1.049949e+00
1.050060e+00
1.049915e+00
1.050006e+00
1.050016e+00
1.050048e+00
1.050049e+00
1.049964e+00
1.049991e+00
1.050163e+00
1.050042e+00
1.050123e+00
1.050108e+00
1.049848e+00
1.049819e+00
1.050037e+00
1.050038e+00
1.049986e+00
1.050152e+00
1.050063e+00
1.049945e+00
